     5069.000    -23887.000     85963.000    -32652.000     37158.000     59554.000    -42619.000     -2291.000      9487.000    -44176.000      6741.000      -543.000     18555.000    -12838.000     -1818.000     -2796.000       421.000      -296.000       642.000       215.000        41.000       223.000        62.000        80.000       134.000       -41.000       -51.000       -14.000         7.000         0.000        -1.000         0.000        -1.000        -1.000        -1.000         1.000        -0.000        -0.000        -0.000         0.000 
     9248.000    -28448.000    118478.000    -42634.000     49700.000     78402.000    -56651.000     -2795.000     12562.000    -59443.000      8803.000      -683.000     25098.000    -17322.000     -2428.000     -3685.000       622.000      -336.000       845.000       305.000        56.000       282.000        57.000       116.000       153.000       -40.000       -59.000        -8.000         7.000         3.000         1.000         0.000         2.000         2.000         0.000        -1.000        -0.000        -2.000        -0.000         1.000 
      -58.000      9047.000    -37063.000     14709.000    -15908.000    -26535.000     18792.000       978.000     -4328.000     19169.000     -3165.000       314.000     -7911.000      5382.000       744.000      1296.000      -110.000       173.000      -264.000       -74.000       -29.000      -104.000       -64.000       -13.000       -80.000        29.000        26.000        -0.000        -7.000        -5.000        -5.000        -1.000         2.000        -1.000        -0.000         0.000         1.000        -1.000         0.000        -0.000 
    -3058.000    -22934.000     63781.000    -28770.000     29865.000     51158.000    -35507.000     -2346.000      8220.000    -35153.000      6160.000      -680.000     14388.000     -9845.000     -1388.000     -2477.000       129.000      -413.000       525.000       109.000        58.000       224.000       173.000         5.000       196.000       -75.000       -61.000        -7.000        17.000         9.000         9.000         4.000        -8.000        -1.000        -2.000         2.000        -1.000         3.000         1.000        -1.000 
     3573.000    -13667.000     50599.000    -18758.000     21725.000     34394.000    -24742.000     -1340.000      5485.000    -25755.000      3870.000      -321.000     10866.000     -7513.000     -1056.000     -1613.000       261.000      -164.000       376.000       127.000        27.000       129.000        36.000        46.000        76.000       -21.000       -27.000        -4.000         4.000         1.000         1.000         0.000        -0.000         1.000         0.000        -1.000        -0.000        -1.000        -0.000         0.000 
     1633.000    -15723.000     46763.000    -19008.000     21141.000     34365.000    -24333.000     -1501.000      5439.000    -24802.000      3929.000      -350.000     10371.000     -7194.000     -1027.000     -1612.000       208.000      -206.000       375.000       110.000        26.000       138.000        58.000        36.000        94.000       -32.000       -33.000       -10.000         6.000         0.000         0.000         0.000        -2.000        -1.000        -1.000         1.000        -0.000         1.000        -0.000         0.000 
       55.000     -1117.000     -1345.000       189.000      -157.000      -370.000       311.000       -82.000       -99.000       414.000       -70.000         3.000      -150.000        74.000         4.000        32.000         4.000        -2.000         5.000        -2.000        -1.000         2.000         1.000         0.000         2.000        -0.000        -0.000        -1.000         0.000        -1.000        -1.000         0.000        -0.000        -0.000        -0.000         0.000        -0.000         0.000         0.000        -0.000 
    -3589.000     11322.000    -43434.000     15846.000    -18434.000    -29058.000     20964.000      1055.000     -4619.000     21971.000     -3239.000       226.000     -9280.000      6444.000       917.000      1354.000      -241.000       121.000      -316.000      -119.000       -16.000      -104.000       -10.000       -49.000       -52.000        14.000        23.000         9.000        -2.000         2.000         3.000         1.000        -1.000         1.000        -0.000         0.000         0.000         0.000         0.000        -0.000 
    -4757.000     18956.000    -75086.000     27838.000    -31873.000    -50912.000     36581.000      1854.000     -8156.000     38106.000     -5776.000       461.000    -16012.000     11050.000      1556.000      2404.000      -367.000       242.000      -543.000      -189.000       -37.000      -187.000       -48.000       -69.000      -109.000        32.000        42.000         9.000        -6.000        -1.000        -0.000        -0.000         0.000        -0.000        -0.000         0.000         0.000         0.000         0.000        -0.000 
     -543.000      3048.000     -5781.000      2507.000     -2892.000     -4509.000      3188.000       252.000      -679.000      3234.000      -478.000        29.000     -1383.000       993.000       149.000       195.000       -43.000        24.000       -56.000       -20.000        -2.000       -20.000        -3.000        -9.000       -11.000         4.000         4.000         3.000        -0.000         2.000         1.000         1.000         0.000        -0.000        -0.000         0.000         0.000         0.000         0.000        -0.000 
     2343.000     -5782.000     24865.000     -8777.000     10306.000     16153.000    -11712.000      -527.000      2576.000    -12396.000      1785.000      -109.000      5247.000     -3643.000      -518.000      -751.000       144.000       -57.000       175.000        72.000         7.000        56.000        -2.000        32.000        24.000        -6.000       -12.000        -5.000         0.000        -2.000        -2.000        -1.000         1.000         0.000         0.000        -0.000        -0.000        -0.000        -0.000         0.000 
      979.000     -4068.000     15901.000     -5935.000      6764.000     10837.000     -7775.000      -392.000      1735.000     -8095.000      1228.000       -95.000      3399.000     -2347.000      -331.000      -510.000        78.000       -51.000       115.000        41.000         8.000        40.000        10.000        15.000        23.000        -7.000        -9.000        -2.000         1.000         0.000         0.000         0.000        -0.000         0.000         0.000        -0.000        -0.000        -0.000        -0.000         0.000 
     -490.000      2302.000     -8409.000      3176.000     -3631.000     -5801.000      4160.000       228.000      -926.000      4305.000      -661.000        57.000     -1808.000      1249.000       176.000       275.000       -40.000        30.000       -63.000       -20.000        -5.000       -22.000        -7.000        -7.000       -14.000         4.000         5.000         1.000        -1.000        -0.000        -0.000        -0.000         0.000        -0.000        -0.000         0.000         0.000         0.000         0.000        -0.000 
      330.000      -874.000      3750.000     -1327.000      1560.000      2444.000     -1772.000       -84.000       391.000     -1869.000       272.000       -20.000       792.000      -547.000       -77.000      -115.000        20.000        -9.000        27.000        10.000         2.000         9.000         1.000         4.000         5.000        -1.000        -2.000         0.000         0.000         0.000         0.000         0.000        -0.000         0.000         0.000        -0.000        -0.000        -0.000        -0.000         0.000 
    -2320.000      9604.000    -39034.000     14495.000    -16507.000    -26487.000     19014.000       940.000     -4251.000     19802.000     -3015.000       239.000     -8305.000      5726.000       806.000      1254.000      -186.000       127.000      -280.000       -98.000       -19.000       -97.000       -25.000       -36.000       -57.000        17.000        22.000         5.000        -3.000        -0.000        -0.000        -0.000         0.000        -0.000        -0.000         0.000         0.000         0.000         0.000        -0.000 
      349.000     -2117.000      7805.000     -3006.000      3371.000      5460.000     -3899.000      -207.000       875.000     -4020.000       628.000       -53.000      1680.000     -1159.000      -164.000      -260.000        34.000       -29.000        58.000        19.000         5.000        21.000         7.000         6.000        14.000        -4.000        -5.000        -1.000         1.000         0.000         0.000         0.000        -0.000         0.000         0.000        -0.000        -0.000        -0.000        -0.000         0.000 
       96.000      -116.000       612.000      -187.000       244.000       355.000      -266.000       -12.000        57.000      -289.000        38.000        -2.000       125.000       -87.000       -12.000       -16.000         5.000        -1.000         4.000         2.000         0.000         1.000         0.000         1.000         0.000        -0.000        -0.000         0.000         0.000         0.000         0.000         0.000        -0.000         0.000         0.000        -0.000        -0.000        -0.000        -0.000         0.000 
     1479.000     -6206.000     23164.000     -8669.000      9940.000     15850.000    -11378.000      -604.000      2530.000    -11822.000      1794.000      -146.000      4972.000     -3437.000      -485.000      -746.000       115.000       -77.000       171.000        58.000        12.000        59.000        16.000        21.000        35.000       -10.000       -13.000        -3.000         2.000         0.000         0.000         0.000        -0.000         0.000         0.000        -0.000        -0.000        -0.000        -0.000         0.000 
      -11.000        95.000       357.000       -97.000       102.000       186.000      -137.000         4.000        34.000      -150.000        26.000        -3.000        58.000       -36.000        -4.000       -11.000         0.000        -1.000         1.000         0.000         0.000         0.000         0.000         0.000         0.000        -0.000        -0.000         0.000         0.000         0.000         0.000         0.000        -0.000         0.000         0.000        -0.000        -0.000        -0.000         0.000         0.000 
     1485.000     -6530.000     24060.000     -9064.000     10349.000     16545.000    -11860.000      -629.000      2641.000    -12315.000      1872.000      -150.000      5177.000     -3580.000      -506.000      -777.000       119.000       -81.000       178.000        61.000        12.000        62.000        17.000        22.000        37.000       -11.000       -14.000        -3.000         2.000         0.000         0.000         0.000        -0.000         0.000         0.000        -0.000        -0.000        -0.000        -0.000         0.000 
     1336.000     -5947.000     21044.000     -7958.000      9124.000     14533.000    -10421.000      -576.000      2314.000    -10800.000      1643.000      -135.000      4545.000     -3147.000      -445.000      -682.000       106.000       -73.000       158.000        53.000        11.000        55.000        16.000        19.000        33.000       -10.000       -12.000        -3.000         2.000         0.000         0.000         0.000        -0.000         0.000         0.000        -0.000        -0.000        -0.000        -0.000         0.000 
      -28.000       350.000     -1494.000       579.000      -633.000     -1049.000       745.000        36.000      -170.000       767.000      -123.000        11.000      -318.000       217.000        30.000        51.000        -5.000         6.000       -11.000        -3.000        -1.000        -4.000        -2.000        -1.000        -3.000         1.000         1.000        -0.000        -0.000        -0.000        -0.000        -0.000         0.000        -0.000        -0.000         0.000         0.000         0.000         0.000        -0.000 
       -3.000       -29.000       -47.000         4.000        -9.000       -14.000        12.000        -1.000        -3.000        15.000        -2.000         1.000        -6.000         3.000         0.000         1.000        -0.000         0.000        -0.000        -0.000        -0.000        -0.000        -0.000        -0.000        -0.000         0.000         0.000        -0.000        -0.000        -0.000        -0.000        -0.000         0.000        -0.000        -0.000         0.000        -0.000         0.000         0.000        -0.000 
       21.000       -62.000        80.000       -30.000        45.000        61.000       -44.000        -6.000         8.000       -46.000         5.000        -1.000        21.000       -15.000        -2.000        -2.000         1.000        -0.000         1.000         0.000         0.000         0.000         0.000         0.000         0.000        -0.000        -0.000         0.000         0.000         0.000         0.000         0.000        -0.000         0.000         0.000        -0.000        -0.000        -0.000        -0.000         0.000 
       18.000        -5.000       -21.000        16.000        -7.000       -29.000        16.000        -1.000        -5.000        16.000        -3.000         0.000        -5.000         3.000         0.000         1.000        -0.000         0.000        -0.000        -0.000        -0.000        -0.000        -0.000        -0.000        -0.000         0.000         0.000        -0.000        -0.000        -0.000        -0.000        -0.000        -0.000        -0.000        -0.000         0.000        -0.000         0.000         0.000        -0.000 
       17.000       -30.000       -95.000        35.000       -26.000       -60.000        41.000        -3.000       -11.000        44.000        -8.000         0.000       -16.000        10.000         1.000         3.000        -0.000         0.000        -0.000        -0.000        -0.000        -0.000        -0.000        -0.000        -0.000         0.000         0.000        -0.000        -0.000        -0.000        -0.000        -0.000         0.000        -0.000        -0.000         0.000        -0.000         0.000        -0.000        -0.000 
       -7.000        16.000        26.000        -8.000         5.000        14.000        -9.000         1.000         3.000       -11.000         2.000        -0.000         4.000        -2.000        -0.000        -1.000         0.000        -0.000         0.000         0.000         0.000         0.000         0.000         0.000         0.000        -0.000        -0.000         0.000         0.000         0.000         0.000         0.000         0.000         0.000         0.000        -0.000         0.000        -0.000        -0.000         0.000 
        5.000        -1.000        -2.000         3.000        -1.000        -5.000         3.000         0.000        -1.000         2.000        -1.000         0.000        -0.000         0.000         0.000         0.000        -0.000         0.000        -0.000        -0.000        -0.000        -0.000        -0.000        -0.000        -0.000        -0.000         0.000        -0.000        -0.000        -0.000        -0.000        -0.000        -0.000        -0.000        -0.000         0.000        -0.000         0.000         0.000        -0.000 
        3.000       -28.000       -35.000         6.000        -5.000       -11.000         9.000        -2.000        -3.000        11.000        -2.000        -0.000        -4.000         2.000        -0.000         1.000         0.000        -0.000         0.000         0.000        -0.000         0.000         0.000         0.000         0.000        -0.000        -0.000        -0.000         0.000        -0.000        -0.000         0.000        -0.000        -0.000        -0.000         0.000        -0.000         0.000         0.000        -0.000 
        7.000       -22.000       -43.000        13.000        -9.000       -24.000        16.000        -2.000        -5.000        19.000        -3.000         0.000        -7.000         4.000         0.000         1.000        -0.000         0.000        -0.000        -0.000        -0.000        -0.000        -0.000        -0.000        -0.000         0.000         0.000        -0.000        -0.000        -0.000        -0.000        -0.000         0.000        -0.000        -0.000         0.000        -0.000         0.000         0.000        -0.000 
      -38.000       148.000        49.000         1.000       -23.000        -5.000         3.000        12.000         4.000        -2.000         4.000         0.000        -4.000         6.000         1.000        -2.000        -2.000         0.000        -1.000        -0.000        -0.000        -0.000        -0.000        -0.000        -0.000         0.000         0.000         0.000        -0.000        -0.000        -0.000        -0.000         0.000        -0.000         0.000        -0.000         0.000        -0.000        -0.000         0.000 
        6.000       -25.000       -30.000         7.000        -4.000       -13.000         9.000        -2.000        -3.000        11.000        -2.000         0.000        -4.000         2.000         0.000         1.000        -0.000        -0.000        -0.000        -0.000        -0.000        -0.000        -0.000        -0.000        -0.000        -0.000        -0.000        -0.000         0.000        -0.000        -0.000         0.000        -0.000        -0.000        -0.000         0.000        -0.000         0.000         0.000        -0.000 
       -2.000        -6.000        -4.000        -2.000         0.000         1.000        -0.000        -0.000         0.000        -0.000         0.000        -0.000         0.000        -0.000        -0.000        -0.000         0.000        -0.000         0.000         0.000         0.000         0.000         0.000         0.000         0.000        -0.000        -0.000        -0.000         0.000         0.000         0.000         0.000        -0.000         0.000         0.000        -0.000        -0.000        -0.000         0.000         0.000 
        1.000         9.000        11.000        -1.000         1.000         3.000        -2.000         1.000         1.000        -4.000         0.000        -0.000         2.000        -1.000        -0.000        -0.000         0.000        -0.000         0.000         0.000         0.000         0.000         0.000         0.000         0.000        -0.000        -0.000         0.000         0.000         0.000         0.000         0.000        -0.000         0.000        -0.000        -0.000         0.000        -0.000        -0.000        -0.000 
        2.000         1.000         1.000         1.000        -0.000        -3.000         1.000         0.000        -0.000         1.000        -0.000         0.000        -0.000         0.000         0.000         0.000        -0.000         0.000        -0.000        -0.000        -0.000        -0.000        -0.000        -0.000        -0.000         0.000         0.000        -0.000        -0.000        -0.000        -0.000        -0.000        -0.000        -0.000        -0.000         0.000         0.000         0.000        -0.000        -0.000 
        2.000         4.000         3.000         2.000        -0.000        -1.000         0.000         0.000        -0.000         0.000        -0.000         0.000        -0.000         0.000         0.000         0.000        -0.000         0.000        -0.000        -0.000        -0.000        -0.000        -0.000        -0.000        -0.000         0.000         0.000        -0.000        -0.000        -0.000        -0.000        -0.000        -0.000        -0.000        -0.000         0.000         0.000         0.000        -0.000        -0.000 
       -3.000       -14.000        -9.000        -2.000         1.000         4.000        -1.000        -1.000         0.000        -0.000         0.000        -0.000         0.000        -0.000        -0.000        -0.000         0.000        -0.000         0.000         0.000     